   0.000167532483692
  -0.000426928100245
  -0.001259494069272
  -0.000336716321600
   0.000762592380124
  -0.000422481763432
  -0.000667967943350
   0.001068733678125
   0.000036975574787
  -0.001425798681830
   0.001061275142875
   0.001016810649980
  -0.002151418201080
   0.000378706715652
   0.002426842144104
  -0.002367540796092
  -0.001188073453975
   0.003872540474523
  -0.001552669477022
  -0.003560687705607
   0.004688080965540
   0.000690946018783
  -0.006255565591013
   0.004053873807749
   0.004413471729664
  -0.008364400369964
   0.001222116750195
   0.009142850537876
  -0.008657148822750
  -0.004231774580509
   0.013797898715494
  -0.005766939414983
  -0.012188229649770
   0.016698112040872
   0.001630107276359
  -0.021886693458435
   0.015569090617400
   0.014905923837478
  -0.032005570666208
   0.007052708953629
   0.036643117952217
  -0.040910384904162
  -0.016793149966407
   0.077924061871384
  -0.047021475738041
  -0.106648019111189
   0.296573954814519
   0.617469458204722
   0.296573954814519
  -0.106648019111189
  -0.047021475738041
   0.077924061871384
  -0.016793149966407
  -0.040910384904162
   0.036643117952217
   0.007052708953629
  -0.032005570666208
   0.014905923837478
   0.015569090617400
  -0.021886693458435
   0.001630107276359
   0.016698112040872
  -0.012188229649770
  -0.005766939414983
   0.013797898715494
  -0.004231774580509
  -0.008657148822750
   0.009142850537876
   0.001222116750195
  -0.008364400369964
   0.004413471729664
   0.004053873807749
  -0.006255565591013
   0.000690946018783
   0.004688080965540
  -0.003560687705607
  -0.001552669477022
   0.003872540474523
  -0.001188073453975
  -0.002367540796092
   0.002426842144104
   0.000378706715652
  -0.002151418201080
   0.001016810649980
   0.001061275142875
  -0.001425798681830
   0.000036975574787
   0.001068733678125
  -0.000667967943350
  -0.000422481763432
   0.000762592380124
  -0.000336716321600
  -0.001259494069272
  -0.000426928100245
   0.000167532483692