  -0.000088473892513
                   0
   0.000612135199869
                   0
  -0.002446664800009
                   0
   0.007285443760222
                   0
  -0.018020651519682
                   0
   0.040110177196148
                   0
  -0.090052982020962
                   0
   0.312599681280537
   0.500000000000000
   0.312599681280537
                   0
  -0.090052982020962
                   0
   0.040110177196148
                   0
  -0.018020651519682
                   0
   0.007285443760222
                   0
  -0.002446664800009
                   0
   0.000612135199869
                   0
  -0.000088473892513